Date/Time;Oxygen;Amp;Tm [°C];p [mbar];Salinity [g/1000g];Error;Oxygen unit
3/6/2023 23:40:39;205.42;36446;23;979;39;0;7
3/6/2023 23:40:54;204.76;36471;23;979;39;0;7
3/6/2023 23:41:09;203.78;36516;23;979;39;0;7
3/6/2023 23:41:24;202.8;36493;23;979;39;0;7
3/6/2023 23:41:39;202.8;36451;23;979;39;0;7
3/6/2023 23:41:55;202.15;36461;23;979;39;0;7
3/6/2023 23:42:10;197.93;36225;23;979;39;0;7
3/6/2023 23:42:25;198.58;36316;23;979;39;0;7
3/6/2023 23:42:40;197.93;36320;23;979;39;0;7
3/6/2023 23:42:55;197.28;36407;23;979;39;0;7
3/6/2023 23:43:10;197.93;36326;23;979;39;0;7
3/6/2023 23:43:25;198.25;36388;23;979;39;0;7
3/6/2023 23:43:40;197.61;36446;23;979;39;0;7
3/6/2023 23:43:56;198.58;36354;23;979;39;0;7
3/6/2023 23:44:11;197.93;36351;23;979;39;0;7
3/6/2023 23:44:26;198.9;36333;23;979;39;0;7
3/6/2023 23:44:41;198.58;36344;23;979;39;0;7
3/6/2023 23:44:56;199.23;36320;23;979;39;0;7
3/6/2023 23:45:11;199.55;36314;23;979;39;0;7
3/6/2023 23:45:26;200.2;36252;23;979;39;0;7
3/6/2023 23:45:41;199.23;36283;23;979;39;0;7
3/6/2023 23:45:56;199.23;36312;23;979;39;0;7
3/6/2023 23:46:11;199.23;36220;23;979;39;0;7
3/6/2023 23:46:27;198.58;36233;23;979;39;0;7
3/6/2023 23:46:42;198.9;36284;23;979;39;0;7
3/6/2023 23:46:57;198.58;36316;23;979;39;0;7
3/6/2023 23:47:12;198.9;36333;23;979;39;0;7
3/6/2023 23:47:27;198.58;36241;23;979;39;0;7
3/6/2023 23:47:42;198.58;36397;23;979;39;0;7
3/6/2023 23:47:57;197.61;36344;23;979;39;0;7
3/6/2023 23:48:12;197.93;36298;23;979;39;0;7
3/6/2023 23:48:27;197.61;36282;23;979;39;0;7
3/6/2023 23:48:42;196.96;36294;23;979;39;0;7
3/6/2023 23:48:57;197.28;36249;23;979;39;0;7
3/6/2023 23:49:12;196.96;36289;23;979;39;0;7
3/6/2023 23:49:28;196.31;36257;23;979;39;0;7
3/6/2023 23:49:43;196.64;36238;23;979;39;0;7
3/6/2023 23:49:58;197.28;36359;23;979;39;0;7
3/6/2023 23:50:13;196.96;36359;23;979;39;0;7
3/6/2023 23:50:28;197.28;36414;23;979;39;0;7
3/6/2023 23:50:43;196.96;36231;23;979;39;0;7
3/6/2023 23:50:58;197.61;36396;23;979;39;0;7
3/6/2023 23:51:13;197.61;36290;23;979;39;0;7
3/6/2023 23:51:28;197.61;36370;23;979;39;0;7
3/6/2023 23:51:43;197.61;36239;23;979;39;0;7
3/6/2023 23:51:58;196.96;36268;23;979;39;0;7
3/6/2023 23:52:13;197.93;36253;23;979;39;0;7
3/6/2023 23:52:29;197.93;36247;23;979;39;0;7
3/6/2023 23:52:44;198.25;36245;23;979;39;0;7
3/6/2023 23:52:59;198.58;36223;23;979;39;0;7
3/6/2023 23:53:14;198.58;36270;23;979;39;0;7
3/6/2023 23:53:29;198.9;36299;23;979;39;0;7
3/6/2023 23:53:44;198.25;36242;23;979;39;0;7
3/6/2023 23:53:59;198.9;36290;23;979;39;0;7
3/6/2023 23:54:14;199.55;36217;23;979;39;0;7
3/6/2023 23:54:29;198.9;36269;23;979;39;0;7
3/6/2023 23:54:44;198.9;36324;23;979;39;0;7
3/6/2023 23:54:59;198.9;36249;23;979;39;0;7
3/6/2023 23:55:15;198.58;36213;23;979;39;0;7
3/6/2023 23:55:30;199.23;36291;23;979;39;0;7
3/6/2023 23:55:45;198.9;36212;23;979;39;0;7
3/6/2023 23:56:00;198.9;36283;23;979;39;0;7
3/6/2023 23:56:15;198.58;36233;23;979;39;0;7
3/6/2023 23:56:30;199.88;36228;23;979;39;0;7
3/6/2023 23:56:45;198.9;36249;23;979;39;0;7
3/6/2023 23:57:00;198.9;36258;23;979;39;0;7
3/6/2023 23:57:15;199.55;36299;23;979;39;0;7
3/6/2023 23:57:30;198.58;36287;23;979;39;0;7
3/6/2023 23:57:45;198.25;36239;23;979;39;0;7
3/6/2023 23:58:00;199.23;36255;23;979;39;0;7
3/6/2023 23:58:16;198.58;36276;23;979;39;0;7
3/6/2023 23:58:31;198.58;36233;23;979;39;0;7
3/6/2023 23:58:46;198.58;36250;23;979;39;0;7
3/6/2023 23:59:01;198.25;36278;23;979;39;0;7
3/6/2023 23:59:16;197.93;36249;23;979;39;0;7
3/6/2023 23:59:31;197.93;36256;23;979;39;0;7
3/6/2023 23:59:46;197.28;36242;23;979;39;0;7
3/7/2023 0:00:01;196.64;36267;23;979;39;0;7
3/7/2023 0:00:16;197.61;36262;23;979;39;0;7
3/7/2023 0:00:31;196.96;36272;23;979;39;0;7
3/7/2023 0:00:46;196.31;36233;23;979;39;0;7
3/7/2023 0:01:01;196.31;36279;23;979;39;0;7
3/7/2023 0:01:17;196.64;36318;23;979;39;0;7
3/7/2023 0:01:32;196.64;36292;23;979;39;0;7
3/7/2023 0:01:47;196.64;36338;23;979;39;0;7
3/7/2023 0:02:02;196.64;36299;23;979;39;0;7
3/7/2023 0:02:17;196.31;36408;23;979;39;0;7
3/7/2023 0:02:32;196.31;36388;23;979;39;0;7
3/7/2023 0:02:47;196.64;36356;23;979;39;0;7
3/7/2023 0:03:02;195.99;36351;23;979;39;0;7
3/7/2023 0:03:17;195.99;36286;23;979;39;0;7
3/7/2023 0:03:32;195.67;36375;23;979;39;0;7
3/7/2023 0:03:47;195.99;36317;23;979;39;0;7
3/7/2023 0:04:02;195.99;36346;23;979;39;0;7
3/7/2023 0:04:18;195.34;36347;23;979;39;0;7
3/7/2023 0:04:33;195.34;36355;23;979;39;0;7
3/7/2023 0:04:48;195.67;36246;23;979;39;0;7
3/7/2023 0:05:03;195.02;36388;23;979;39;0;7
3/7/2023 0:05:18;195.02;36291;23;979;39;0;7
3/7/2023 0:05:33;195.34;36348;23;979;39;0;7
3/7/2023 0:05:48;195.02;36419;23;979;39;0;7
3/7/2023 0:06:03;195.02;36429;23;979;39;0;7
3/7/2023 0:06:18;194.7;36469;23;979;39;0;7
3/7/2023 0:06:34;194.7;36381;23;979;39;0;7
3/7/2023 0:06:49;194.7;36415;23;979;39;0;7
3/7/2023 0:07:04;194.38;36384;23;979;39;0;7
3/7/2023 0:07:19;194.7;36384;23;979;39;0;7
3/7/2023 0:07:34;194.38;36441;23;979;39;0;7
3/7/2023 0:07:49;194.05;36434;23;979;39;0;7
3/7/2023 0:08:04;193.73;36405;23;979;39;0;7
3/7/2023 0:08:19;193.73;36409;23;979;39;0;7
3/7/2023 0:08:35;193.73;36439;23;979;39;0;7
3/7/2023 0:08:50;193.41;36401;23;979;39;0;7
3/7/2023 0:09:05;193.73;36432;23;979;39;0;7
3/7/2023 0:09:20;193.09;36401;23;979;39;0;7
3/7/2023 0:09:35;192.77;36451;23;979;39;0;7
3/7/2023 0:09:50;192.77;36394;23;979;39;0;7
3/7/2023 0:10:05;193.09;36456;23;979;39;0;7
3/7/2023 0:10:20;192.77;36453;23;979;39;0;7
3/7/2023 0:10:35;192.44;36443;23;979;39;0;7
3/7/2023 0:10:50;192.77;36469;23;979;39;0;7
3/7/2023 0:11:06;192.77;36480;23;979;39;0;7
3/7/2023 0:11:21;192.44;36493;23;979;39;0;7
3/7/2023 0:11:36;192.12;36487;23;979;39;0;7
3/7/2023 0:11:51;191.8;36496;23;979;39;0;7
3/7/2023 0:12:06;191.48;36478;23;979;39;0;7
3/7/2023 0:12:21;191.48;36449;23;979;39;0;7
3/7/2023 0:12:36;190.84;36493;23;979;39;0;7
3/7/2023 0:12:51;191.16;36479;23;979;39;0;7
3/7/2023 0:13:06;191.48;36569;23;979;39;0;7
3/7/2023 0:13:22;190.84;36531;23;979;39;0;7
3/7/2023 0:13:37;190.84;36502;23;979;39;0;7
3/7/2023 0:13:52;191.16;36640;23;979;39;0;7
3/7/2023 0:14:07;190.52;36526;23;979;39;0;7
3/7/2023 0:14:22;190.2;36575;23;979;39;0;7
3/7/2023 0:14:37;190.2;36493;23;979;39;0;7
3/7/2023 0:14:52;190.2;36569;23;979;39;0;7
3/7/2023 0:15:07;189.56;36551;23;979;39;0;7
3/7/2023 0:15:22;190.2;36638;23;979;39;0;7
3/7/2023 0:15:38;189.88;36610;23;979;39;0;7
3/7/2023 0:15:53;189.56;36642;23;979;39;0;7
3/7/2023 0:16:08;189.24;36538;23;979;39;0;7
3/7/2023 0:16:23;189.56;36574;23;979;39;0;7
3/7/2023 0:16:38;189.24;36627;23;979;39;0;7
3/7/2023 0:16:53;189.56;36615;23;979;39;0;7
3/7/2023 0:17:08;188.92;36618;23;979;39;0;7
3/7/2023 0:17:23;188.92;36650;23;979;39;0;7
3/7/2023 0:17:39;188.92;36756;23;979;39;0;7
3/7/2023 0:17:54;188.28;36583;23;979;39;0;7
3/7/2023 0:18:09;188.6;36651;23;979;39;0;7
3/7/2023 0:18:24;188.92;36659;23;979;39;0;7
3/7/2023 0:18:39;188.28;36684;23;979;39;0;7
3/7/2023 0:18:54;188.6;36664;23;979;39;0;7
3/7/2023 0:19:09;187.96;36731;23;979;39;0;7
3/7/2023 0:19:25;188.28;36676;23;979;39;0;7
3/7/2023 0:19:40;187.96;36719;23;979;39;0;7
3/7/2023 0:19:55;187.96;36745;23;979;39;0;7
3/7/2023 0:20:10;187.96;36713;23;979;39;0;7
3/7/2023 0:20:25;187.64;36755;23;979;39;0;7
3/7/2023 0:20:40;187.32;36723;23;979;39;0;7
3/7/2023 0:20:55;187.64;36781;23;979;39;0;7
