Date/Time;Oxygen;Amp;Tm [°C];p [mbar];Salinity [g/1000g];Error;Oxygen unit
3/6/2023 23:40:39;215.3;26849;23;979;39;0;7
3/6/2023 23:40:54;214.97;26843;23;979;39;0;7
3/6/2023 23:41:09;214.97;26843;23;979;39;0;7
3/6/2023 23:41:24;215.3;26838;23;979;39;0;7
3/6/2023 23:41:39;215.63;26846;23;979;39;0;7
3/6/2023 23:41:55;214.97;26838;23;979;39;0;7
3/6/2023 23:42:10;214.64;26855;23;979;39;0;7
3/6/2023 23:42:25;214.64;26846;23;979;39;0;7
3/6/2023 23:42:40;214.97;26838;23;979;39;0;7
3/6/2023 23:42:55;215.63;26838;23;979;39;0;7
3/6/2023 23:43:10;214.64;26843;23;979;39;0;7
3/6/2023 23:43:25;214.97;26846;23;979;39;0;7
3/6/2023 23:43:40;214.31;26846;23;979;39;0;7
3/6/2023 23:43:56;214.97;26849;23;979;39;0;7
3/6/2023 23:44:11;214.97;26841;23;979;39;0;7
3/6/2023 23:44:26;215.63;26835;23;979;39;0;7
3/6/2023 23:44:41;214.64;26846;23;979;39;0;7
3/6/2023 23:44:56;214.64;26843;23;979;39;0;7
3/6/2023 23:45:11;215.3;26846;23;979;39;0;7
3/6/2023 23:45:26;215.3;26855;23;979;39;0;7
3/6/2023 23:45:41;215.3;26855;23;979;39;0;7
3/6/2023 23:45:56;214.31;26846;23;979;39;0;7
3/6/2023 23:46:11;214.64;26843;23;979;39;0;7
3/6/2023 23:46:27;214.97;26841;23;979;39;0;7
3/6/2023 23:46:42;214.64;26846;23;979;39;0;7
3/6/2023 23:46:57;214.64;26849;23;979;39;0;7
3/6/2023 23:47:12;213.98;26843;23;979;39;0;7
3/6/2023 23:47:27;214.31;26849;23;979;39;0;7
3/6/2023 23:47:42;213.98;26863;23;979;39;0;7
3/6/2023 23:47:57;213.31;26866;23;979;39;0;7
3/6/2023 23:48:12;213.31;26869;23;979;39;0;7
3/6/2023 23:48:27;212.98;26866;23;979;39;0;7
3/6/2023 23:48:42;212.65;26869;23;979;39;0;7
3/6/2023 23:48:57;212.65;26869;23;979;39;0;7
3/6/2023 23:49:12;212.98;26883;23;979;39;0;7
3/6/2023 23:49:28;213.65;26872;23;979;39;0;7
3/6/2023 23:49:43;212.32;26883;23;979;39;0;7
3/6/2023 23:49:58;212.65;26891;23;979;39;0;7
3/6/2023 23:50:13;212.98;26883;23;979;39;0;7
3/6/2023 23:50:28;212.65;26877;23;979;39;0;7
3/6/2023 23:50:43;211.99;26888;23;979;39;0;7
3/6/2023 23:50:58;212.65;26888;23;979;39;0;7
3/6/2023 23:51:13;212.32;26883;23;979;39;0;7
3/6/2023 23:51:28;212.32;26883;23;979;39;0;7
3/6/2023 23:51:43;211.99;26888;23;979;39;0;7
3/6/2023 23:51:58;211.33;26900;23;979;39;0;7
3/6/2023 23:52:13;211.33;26900;23;979;39;0;7
3/6/2023 23:52:29;211;26905;23;979;39;0;7
3/6/2023 23:52:44;210.01;26905;23;979;39;0;7
3/6/2023 23:52:59;210.34;26928;23;979;39;0;7
3/6/2023 23:53:14;209.35;26925;23;979;39;0;7
3/6/2023 23:53:29;209.35;26928;23;979;39;0;7
3/6/2023 23:53:44;208.37;26933;23;979;39;0;7
3/6/2023 23:53:59;208.7;26948;23;979;39;0;7
3/6/2023 23:54:14;208.37;26950;23;979;39;0;7
3/6/2023 23:54:29;207.38;26956;23;979;39;0;7
3/6/2023 23:54:44;207.71;26965;23;979;39;0;7
3/6/2023 23:54:59;206.73;26962;23;979;39;0;7
3/6/2023 23:55:15;206.73;26967;23;979;39;0;7
3/6/2023 23:55:30;206.07;26973;23;979;39;0;7
3/6/2023 23:55:45;206.07;26976;23;979;39;0;7
3/6/2023 23:56:00;206.07;26979;23;979;39;0;7
3/6/2023 23:56:15;206.07;26981;23;979;39;0;7
3/6/2023 23:56:30;205.42;26984;23;979;39;0;7
3/6/2023 23:56:45;205.09;26996;23;979;39;0;7
3/6/2023 23:57:00;204.44;26993;23;979;39;0;7
3/6/2023 23:57:15;203.78;26996;23;979;39;0;7
3/6/2023 23:57:30;204.44;26996;23;979;39;0;7
3/6/2023 23:57:45;204.11;26996;23;979;39;0;7
3/6/2023 23:58:00;204.11;27007;23;979;39;0;7
3/6/2023 23:58:16;203.78;27004;23;979;39;0;7
3/6/2023 23:58:31;203.78;26998;23;979;39;0;7
3/6/2023 23:58:46;203.13;27001;23;979;39;0;7
3/6/2023 23:59:01;203.78;27013;23;979;39;0;7
3/6/2023 23:59:16;202.8;27013;23;979;39;0;7
3/6/2023 23:59:31;203.13;27021;23;979;39;0;7
3/6/2023 23:59:46;202.48;27024;23;979;39;0;7
3/7/2023 0:00:01;202.48;27027;23;979;39;0;7
3/7/2023 0:00:16;202.15;27027;23;979;39;0;7
3/7/2023 0:00:31;201.5;27041;23;979;39;0;7
3/7/2023 0:00:46;202.48;27038;23;979;39;0;7
3/7/2023 0:01:01;201.83;27047;23;979;39;0;7
3/7/2023 0:01:17;201.83;27047;23;979;39;0;7
3/7/2023 0:01:32;201.83;27044;23;979;39;0;7
3/7/2023 0:01:47;202.48;27047;23;979;39;0;7
3/7/2023 0:02:02;201.5;27055;23;979;39;0;7
3/7/2023 0:02:17;200.85;27052;23;979;39;0;7
3/7/2023 0:02:32;201.18;27049;23;979;39;0;7
3/7/2023 0:02:47;201.18;27055;23;979;39;0;7
3/7/2023 0:03:02;201.18;27052;23;979;39;0;7
3/7/2023 0:03:17;201.18;27061;23;979;39;0;7
3/7/2023 0:03:32;200.2;27049;23;979;39;0;7
3/7/2023 0:03:47;200.53;27075;23;979;39;0;7
3/7/2023 0:04:02;199.88;27072;23;979;39;0;7
3/7/2023 0:04:18;200.2;27081;23;979;39;0;7
3/7/2023 0:04:33;199.55;27100;23;979;39;0;7
3/7/2023 0:04:48;198.9;27095;23;979;39;0;7
3/7/2023 0:05:03;198.9;27098;23;979;39;0;7
3/7/2023 0:05:18;198.58;27103;23;979;39;0;7
3/7/2023 0:05:33;198.25;27112;23;979;39;0;7
3/7/2023 0:05:48;197.28;27126;23;979;39;0;7
3/7/2023 0:06:03;197.28;27115;23;979;39;0;7
3/7/2023 0:06:18;197.28;27117;23;979;39;0;7
3/7/2023 0:06:34;196.64;27126;23;979;39;0;7
3/7/2023 0:06:49;195.99;27129;23;979;39;0;7
3/7/2023 0:07:04;195.99;27134;23;979;39;0;7
3/7/2023 0:07:19;196.31;27137;23;979;39;0;7
3/7/2023 0:07:34;195.67;27143;23;979;39;0;7
3/7/2023 0:07:49;195.34;27137;23;979;39;0;7
3/7/2023 0:08:04;195.02;27154;23;979;39;0;7
3/7/2023 0:08:19;195.02;27149;23;979;39;0;7
3/7/2023 0:08:35;194.38;27157;23;979;39;0;7
3/7/2023 0:08:50;194.38;27157;23;979;39;0;7
3/7/2023 0:09:05;194.38;27157;23;979;39;0;7
3/7/2023 0:09:20;193.73;27160;23;979;39;0;7
3/7/2023 0:09:35;193.41;27171;23;979;39;0;7
3/7/2023 0:09:50;192.44;27183;23;979;39;0;7
3/7/2023 0:10:05;190.84;27200;23;979;39;0;7
3/7/2023 0:10:20;189.24;27240;23;979;39;0;7
3/7/2023 0:10:35;188.92;27248;23;979;39;0;7
3/7/2023 0:10:50;187.96;27248;23;979;39;0;7
3/7/2023 0:11:06;187.32;27262;23;979;39;0;7
3/7/2023 0:11:21;187.32;27277;23;979;39;0;7
3/7/2023 0:11:36;186.36;27274;23;979;39;0;7
3/7/2023 0:11:51;185.73;27285;23;979;39;0;7
3/7/2023 0:12:06;185.73;27285;23;979;39;0;7
3/7/2023 0:12:21;185.41;27299;23;979;39;0;7
3/7/2023 0:12:36;185.09;27305;23;979;39;0;7
3/7/2023 0:12:51;184.45;27311;23;979;39;0;7
3/7/2023 0:13:06;184.14;27311;23;979;39;0;7
3/7/2023 0:13:22;184.45;27308;23;979;39;0;7
3/7/2023 0:13:37;184.45;27314;23;979;39;0;7
3/7/2023 0:13:52;184.14;27322;23;979;39;0;7
3/7/2023 0:14:07;183.82;27320;23;979;39;0;7
3/7/2023 0:14:22;183.18;27320;23;979;39;0;7
3/7/2023 0:14:37;183.18;27325;23;979;39;0;7
3/7/2023 0:14:52;182.87;27334;23;979;39;0;7
3/7/2023 0:15:07;183.82;27339;23;979;39;0;7
3/7/2023 0:15:22;183.5;27334;23;979;39;0;7
3/7/2023 0:15:38;182.87;27325;23;979;39;0;7
3/7/2023 0:15:53;183.18;27328;23;979;39;0;7
3/7/2023 0:16:08;183.18;27328;23;979;39;0;7
3/7/2023 0:16:23;183.5;27331;23;979;39;0;7
3/7/2023 0:16:38;182.87;27331;23;979;39;0;7
3/7/2023 0:16:53;183.5;27325;23;979;39;0;7
3/7/2023 0:17:08;183.82;27322;23;979;39;0;7
3/7/2023 0:17:23;183.18;27322;23;979;39;0;7
3/7/2023 0:17:39;183.82;27325;23;979;39;0;7
3/7/2023 0:17:54;183.5;27320;23;979;39;0;7
3/7/2023 0:18:09;183.82;27320;23;979;39;0;7
3/7/2023 0:18:24;183.82;27317;23;979;39;0;7
3/7/2023 0:18:39;183.82;27320;23;979;39;0;7
3/7/2023 0:18:54;183.82;27325;23;979;39;0;7
3/7/2023 0:19:09;183.82;27328;23;979;39;0;7
3/7/2023 0:19:25;184.14;27328;23;979;39;0;7
3/7/2023 0:19:40;183.5;27328;23;979;39;0;7
3/7/2023 0:19:55;182.87;27320;23;979;39;0;7
3/7/2023 0:20:10;183.18;27322;23;979;39;0;7
3/7/2023 0:20:25;182.55;27340;23;979;39;0;7
3/7/2023 0:20:40;182.23;27340;23;979;39;0;7
3/7/2023 0:20:55;182.23;27345;23;979;39;0;7
